OD:595

Time	0:00:52	0:41:48	1:11:48	1:41:47	2:11:48	2:41:47	3:11:48	3:41:48	4:11:47	4:41:47	5:11:55	5:41:47	6:11:48	6:41:48	7:11:47	7:41:47	8:11:47	8:41:47	9:11:48	9:41:47	10:11:47	10:41:48	11:11:48	11:41:48	12:11:48	12:41:48	13:11:48	13:41:48	14:11:48	14:41:47	15:11:48	15:41:48	16:11:47	16:41:48	17:11:48	17:41:48	18:11:48	18:41:48	19:11:47	19:41:47	20:11:48	20:41:48	21:11:48	21:41:48	
T° OD:595	37.0	37.0	37.0	37.0	37.0	37.0	37.0	37.0	37.0	37.0	37.0	37.1	37.0	37.0	37.1	37.0	37.0	37.0	36.9	37.0	37.0	37.0	37.0	37.0	37.0	37.0	37.0	37.0	37.0	37.0	37.0	37.1	37.0	36.9	37.0	37.0	37.0	37.0	37.0	37.0	37.0	37.0	37.1	37.0	
A1	0.053	0.052	0.054	0.058	0.065	0.081	0.108	0.144	0.180	0.220	0.271	0.305	0.350	0.349	0.373	0.387	0.408	0.443	0.555	0.578	0.579	0.583	0.589	0.597	0.612	0.622	0.635	0.634	0.645	0.647	0.650	0.661	0.658	0.660	0.669	0.681	0.690	0.681	0.670	0.664	0.642	0.633	0.625	0.620	
A2	0.052	0.052	0.054	0.057	0.063	0.075	0.097	0.135	0.180	0.230	0.292	0.335	0.362	0.385	0.406	0.426	0.441	0.454	0.468	0.479	0.487	0.501	0.517	0.531	0.545	0.558	0.570	0.578	0.592	0.598	0.604	0.607	0.608	0.613	0.619	0.629	0.633	0.636	0.636	0.645	0.637	0.634	0.641	0.640	
A3	0.042	0.052	0.054	0.057	0.064	0.077	0.100	0.140	0.189	0.238	0.299	0.348	0.382	0.406	0.432	0.452	0.469	0.483	0.499	0.512	0.525	0.541	0.555	0.568	0.579	0.590	0.598	0.607	0.613	0.615	0.619	0.626	0.633	0.641	0.652	0.646	0.645	0.646	0.646	0.651	0.653	0.657	0.665	0.674	
A4	0.038	0.048	0.049	0.051	0.054	0.059	0.068	0.080	0.103	0.124	0.167	0.197	0.227	0.251	0.271	0.284	0.297	0.318	0.336	0.357	0.370	0.385	0.400	0.419	0.432	0.435	0.446	0.451	0.462	0.468	0.474	0.486	0.491	0.497	0.508	0.521	0.527	0.529	0.532	0.542	0.548	0.553	0.550	0.552	
A5	0.039	0.049	0.050	0.052	0.056	0.061	0.074	0.090	0.122	0.154	0.183	0.216	0.251	0.275	0.289	0.298	0.313	0.337	0.367	0.398	0.416	0.419	0.431	0.444	0.453	0.461	0.471	0.481	0.498	0.504	0.514	0.533	0.541	0.554	0.573	0.589	0.604	0.609	0.618	0.628	0.623	0.627	0.628	0.627	
A6	0.041	0.051	0.052	0.054	0.059	0.070	0.089	0.124	0.170	0.221	0.276	0.316	0.342	0.362	0.381	0.400	0.418	0.433	0.448	0.460	0.469	0.474	0.482	0.488	0.495	0.502	0.510	0.515	0.527	0.537	0.544	0.559	0.566	0.577	0.593	0.606	0.614	0.621	0.623	0.634	0.635	0.640	0.643	0.648	
A7	0.040	0.051	0.053	0.057	0.065	0.083	0.115	0.161	0.212	0.273	0.315	0.342	0.365	0.390	0.413	0.436	0.455	0.470	0.485	0.503	0.514	0.525	0.536	0.547	0.561	0.574	0.590	0.600	0.615	0.633	0.644	0.657	0.664	0.671	0.678	0.678	0.685	0.688	0.690	0.698	0.702	0.708	0.707	0.709	
A8	0.039	0.049	0.051	0.053	0.057	0.066	0.087	0.119	0.165	0.213	0.271	0.307	0.332	0.349	0.370	0.390	0.407	0.423	0.435	0.439	0.452	0.462	0.470	0.478	0.485	0.495	0.500	0.512	0.521	0.533	0.544	0.555	0.567	0.581	0.593	0.598	0.607	0.614	0.618	0.629	0.632	0.635	0.639	0.647	
A9	0.039	0.048	0.049	0.049	0.050	0.052	0.054	0.057	0.062	0.071	0.084	0.104	0.136	0.169	0.208	0.242	0.269	0.290	0.308	0.327	0.333	0.340	0.352	0.360	0.370	0.378	0.390	0.397	0.413	0.428	0.436	0.451	0.456	0.465	0.475	0.490	0.498	0.503	0.504	0.517	0.516	0.521	0.525	0.526	
A10	0.042	0.049	0.051	0.053	0.058	0.065	0.076	0.094	0.125	0.148	0.174	0.237	0.315	0.310	0.326	0.355	0.402	0.430	0.452	0.489	0.509	0.525	0.546	0.564	0.584	0.609	0.633	0.637	0.620	0.608	0.600	0.595	0.590	0.585	0.583	0.581	0.581	0.576	0.567	0.572	0.564	0.566	0.562	0.559	
A11	0.038	0.049	0.049	0.049	0.049	0.049	0.049	0.049	0.050	0.050	0.051	0.051	0.052	0.052	0.053	0.054	0.055	0.056	0.057	0.057	0.060	0.062	0.063	0.065	0.067	0.073	0.074	0.082	0.084	0.093	0.099	0.101	0.117	0.133	0.140	0.157	0.188	0.240	0.296	0.317	0.358	0.398	0.414	0.416	
A12	0.050	0.050	0.050	0.050	0.050	0.050	0.051	0.051	0.053	0.055	0.058	0.062	0.069	0.079	0.098	0.127	0.163	0.203	0.242	0.300	0.335	0.363	0.392	0.411	0.421	0.449	0.469	0.479	0.490	0.502	0.514	0.539	0.544	0.555	0.571	0.590	0.597	0.592	0.593	0.610	0.618	0.625	0.626	0.640	
B1	0.051	0.051	0.053	0.057	0.064	0.078	0.103	0.141	0.186	0.232	0.285	0.321	0.346	0.367	0.385	0.397	0.415	0.430	0.444	0.458	0.470	0.479	0.490	0.501	0.511	0.518	0.529	0.535	0.545	0.548	0.555	0.566	0.568	0.574	0.583	0.595	0.601	0.603	0.605	0.617	0.610	0.610	0.612	0.613	
B2	0.038	0.048	0.048	0.048	0.048	0.048	0.048	0.049	0.049	0.051	0.052	0.055	0.059	0.065	0.075	0.091	0.110	0.128	0.149	0.170	0.193	0.211	0.228	0.244	0.262	0.276	0.302	0.327	0.356	0.375	0.392	0.408	0.416	0.426	0.436	0.445	0.451	0.454	0.459	0.468	0.469	0.473	0.477	0.479	
B3	0.042	0.049	0.050	0.051	0.054	0.058	0.065	0.079	0.100	0.130	0.158	0.180	0.196	0.211	0.224	0.236	0.245	0.257	0.270	0.280	0.291	0.301	0.313	0.327	0.339	0.349	0.363	0.376	0.386	0.393	0.401	0.410	0.417	0.424	0.433	0.440	0.448	0.453	0.460	0.465	0.467	0.469	0.469	0.473	
B4	0.046	0.049	0.049	0.050	0.051	0.053	0.056	0.061	0.070	0.083	0.104	0.131	0.162	0.184	0.209	0.237	0.263	0.283	0.300	0.317	0.332	0.343	0.366	0.388	0.415	0.439	0.466	0.485	0.508	0.520	0.536	0.553	0.561	0.573	0.581	0.584	0.587	0.587	0.589	0.593	0.591	0.594	0.596	0.599	
B5	0.051	0.048	0.049	0.049	0.051	0.052	0.056	0.062	0.073	0.090	0.114	0.140	0.164	0.188	0.212	0.239	0.262	0.289	0.310	0.327	0.347	0.362	0.380	0.396	0.410	0.424	0.436	0.451	0.467	0.480	0.494	0.510	0.518	0.529	0.539	0.545	0.551	0.550	0.550	0.550	0.548	0.548	0.546	0.546	
B6	0.057	0.048	0.049	0.049	0.050	0.052	0.056	0.062	0.074	0.085	0.110	0.126	0.159	0.191	0.240	0.278	0.280	0.303	0.306	0.330	0.358	0.385	0.409	0.426	0.432	0.445	0.453	0.463	0.465	0.468	0.469	0.468	0.466	0.467	0.469	0.470	0.472	0.474	0.476	0.478	0.480	0.483	0.486	0.490	
B7	0.042	0.048	0.049	0.051	0.055	0.061	0.075	0.095	0.133	0.162	0.190	0.215	0.244	0.278	0.299	0.315	0.331	0.348	0.362	0.379	0.399	0.412	0.421	0.428	0.436	0.444	0.450	0.458	0.462	0.464	0.463	0.461	0.458	0.456	0.456	0.456	0.457	0.456	0.457	0.461	0.460	0.462	0.463	0.464	
B8	0.044	0.048	0.049	0.050	0.053	0.058	0.066	0.080	0.099	0.122	0.150	0.189	0.245	0.270	0.301	0.319	0.328	0.344	0.347	0.364	0.376	0.387	0.401	0.415	0.428	0.428	0.444	0.440	0.443	0.439	0.436	0.437	0.431	0.423	0.419	0.417	0.415	0.413	0.412	0.413	0.411	0.412	0.411	0.409	
B9	0.049	0.048	0.049	0.050	0.053	0.058	0.068	0.085	0.113	0.155	0.193	0.233	0.275	0.299	0.305	0.315	0.327	0.341	0.365	0.390	0.405	0.422	0.438	0.451	0.463	0.470	0.480	0.485	0.493	0.495	0.503	0.512	0.516	0.518	0.528	0.533	0.533	0.535	0.536	0.538	0.526	0.520	0.513	0.506	
B10	0.054	0.048	0.050	0.052	0.057	0.063	0.072	0.086	0.095	0.122	0.157	0.185	0.204	0.224	0.246	0.264	0.287	0.306	0.323	0.342	0.355	0.372	0.383	0.397	0.410	0.425	0.433	0.444	0.453	0.463	0.469	0.472	0.475	0.477	0.478	0.480	0.481	0.486	0.488	0.491	0.494	0.497	0.500	0.501	
B11	0.044	0.048	0.050	0.053	0.059	0.070	0.087	0.114	0.160	0.194	0.252	0.343	0.356	0.374	0.404	0.434	0.459	0.497	0.513	0.528	0.553	0.563	0.576	0.581	0.591	0.603	0.613	0.626	0.635	0.643	0.650	0.654	0.660	0.662	0.663	0.661	0.661	0.659	0.660	0.656	0.660	0.661	0.658	0.659	
B12	0.037	0.047	0.047	0.048	0.049	0.050	0.054	0.060	0.072	0.095	0.131	0.188	0.254	0.325	0.345	0.354	0.361	0.378	0.384	0.397	0.407	0.409	0.423	0.425	0.420	0.410	0.416	0.404	0.416	0.410	0.410	0.427	0.428	0.439	0.458	0.480	0.493	0.505	0.505	0.539	0.537	0.553	0.561	0.567	
C1	0.050	0.052	0.053	0.057	0.063	0.076	0.097	0.124	0.165	0.206	0.244	0.287	0.316	0.334	0.350	0.365	0.381	0.396	0.415	0.431	0.448	0.465	0.479	0.494	0.507	0.520	0.530	0.540	0.548	0.554	0.554	0.556	0.553	0.554	0.552	0.550	0.559	0.562	0.569	0.564	0.562	0.565	0.559	0.546	
C2	0.042	0.050	0.052	0.054	0.058	0.066	0.080	0.102	0.135	0.170	0.204	0.232	0.279	0.299	0.316	0.341	0.385	0.417	0.434	0.446	0.454	0.467	0.482	0.500	0.514	0.526	0.539	0.548	0.558	0.566	0.575	0.585	0.592	0.599	0.607	0.614	0.621	0.624	0.630	0.640	0.645	0.649	0.652	0.654	
C3	0.040	0.049	0.050	0.051	0.053	0.056	0.061	0.069	0.082	0.102	0.129	0.155	0.177	0.195	0.215	0.236	0.248	0.261	0.275	0.288	0.305	0.323	0.343	0.360	0.377	0.389	0.403	0.415	0.427	0.433	0.442	0.452	0.455	0.460	0.468	0.473	0.478	0.481	0.486	0.496	0.493	0.490	0.490	0.489	
C4	0.045	0.049	0.049	0.050	0.052	0.054	0.057	0.063	0.071	0.085	0.102	0.125	0.147	0.169	0.189	0.204	0.224	0.237	0.250	0.260	0.263	0.268	0.271	0.278	0.283	0.293	0.304	0.315	0.329	0.342	0.356	0.373	0.384	0.400	0.422	0.441	0.460	0.470	0.480	0.493	0.496	0.500	0.503	0.506	
C5	0.049	0.049	0.049	0.050	0.050	0.051	0.053	0.056	0.059	0.065	0.074	0.088	0.108	0.127	0.146	0.162	0.183	0.201	0.221	0.232	0.242	0.249	0.262	0.272	0.282	0.292	0.304	0.313	0.324	0.332	0.341	0.351	0.358	0.366	0.375	0.382	0.391	0.394	0.400	0.407	0.406	0.408	0.411	0.416	
C6	0.069	0.050	0.051	0.051	0.053	0.056	0.060	0.068	0.079	0.091	0.121	0.118	0.137	0.162	0.188	0.207	0.227	0.241	0.273	0.286	0.288	0.299	0.301	0.303	0.311	0.316	0.323	0.327	0.331	0.337	0.341	0.345	0.347	0.345	0.343	0.338	0.334	0.328	0.325	0.321	0.317	0.313	0.310	0.308	
C7	0.045	0.049	0.049	0.050	0.052	0.055	0.060	0.067	0.078	0.098	0.123	0.155	0.156	0.198	0.235	0.242	0.251	0.266	0.284	0.291	0.307	0.314	0.324	0.333	0.336	0.342	0.348	0.347	0.349	0.353	0.356	0.358	0.360	0.358	0.354	0.351	0.350	0.349	0.349	0.346	0.347	0.345	0.343	0.342	
C8	0.048	0.049	0.049	0.050	0.051	0.053	0.057	0.065	0.080	0.100	0.131	0.147	0.180	0.217	0.247	0.269	0.312	0.326	0.347	0.378	0.388	0.393	0.396	0.385	0.374	0.369	0.363	0.359	0.359	0.359	0.358	0.358	0.357	0.354	0.351	0.345	0.338	0.330	0.321	0.314	0.305	0.297	0.289	0.282	
C9	0.048	0.054	0.057	0.060	0.067	0.081	0.113	0.159	0.210	0.271	0.347	0.366	0.406	0.420	0.446	0.465	0.485	0.506	0.556	0.598	0.631	0.642	0.667	0.684	0.700	0.707	0.711	0.708	0.700	0.696	0.688	0.682	0.674	0.667	0.657	0.647	0.640	0.637	0.631	0.622	0.616	0.611	0.603	0.599	
C10	0.047	0.049	0.049	0.051	0.053	0.056	0.060	0.070	0.081	0.113	0.147	0.166	0.223	0.302	0.297	0.332	0.351	0.382	0.404	0.424	0.440	0.452	0.467	0.478	0.484	0.486	0.491	0.501	0.506	0.512	0.514	0.511	0.512	0.512	0.512	0.508	0.507	0.504	0.503	0.498	0.498	0.495	0.491	0.489	
C11	0.043	0.048	0.050	0.051	0.054	0.061	0.074	0.094	0.129	0.163	0.185	0.210	0.238	0.264	0.286	0.301	0.319	0.335	0.354	0.375	0.395	0.412	0.422	0.430	0.436	0.451	0.452	0.459	0.465	0.468	0.466	0.463	0.464	0.461	0.461	0.462	0.460	0.459	0.459	0.460	0.456	0.453	0.452	0.450	
C12	0.037	0.047	0.047	0.047	0.048	0.050	0.053	0.060	0.075	0.098	0.133	0.163	0.181	0.205	0.231	0.242	0.249	0.258	0.262	0.271	0.275	0.277	0.291	0.308	0.326	0.339	0.369	0.372	0.394	0.391	0.396	0.418	0.422	0.424	0.447	0.502	0.520	0.520	0.519	0.545	0.545	0.538	0.552	0.558	
D1	0.050	0.050	0.051	0.053	0.056	0.062	0.073	0.092	0.121	0.160	0.203	0.253	0.296	0.320	0.338	0.351	0.363	0.377	0.392	0.410	0.425	0.442	0.456	0.472	0.490	0.508	0.527	0.538	0.553	0.561	0.569	0.585	0.585	0.597	0.603	0.614	0.622	0.621	0.618	0.621	0.611	0.605	0.602	0.602	
D2	0.044	0.049	0.050	0.051	0.053	0.058	0.065	0.077	0.096	0.125	0.158	0.191	0.229	0.263	0.284	0.306	0.329	0.347	0.367	0.392	0.412	0.431	0.460	0.484	0.510	0.531	0.549	0.560	0.574	0.580	0.587	0.598	0.600	0.603	0.607	0.609	0.614	0.616	0.614	0.617	0.618	0.617	0.618	0.616	
D3	0.041	0.047	0.048	0.048	0.049	0.051	0.053	0.058	0.065	0.073	0.083	0.094	0.107	0.123	0.142	0.161	0.179	0.197	0.216	0.236	0.250	0.268	0.283	0.297	0.310	0.322	0.334	0.348	0.361	0.372	0.385	0.396	0.405	0.415	0.424	0.436	0.444	0.449	0.455	0.463	0.467	0.472	0.476	0.482	
D4	0.050	0.049	0.049	0.049	0.050	0.051	0.053	0.055	0.060	0.067	0.076	0.092	0.115	0.142	0.172	0.205	0.235	0.260	0.279	0.295	0.309	0.315	0.325	0.331	0.337	0.339	0.346	0.352	0.362	0.367	0.378	0.389	0.394	0.400	0.406	0.412	0.418	0.420	0.419	0.425	0.424	0.428	0.431	0.435	
D5	0.047	0.048	0.048	0.049	0.050	0.052	0.054	0.058	0.064	0.072	0.082	0.094	0.107	0.124	0.143	0.164	0.186	0.207	0.221	0.235	0.243	0.247	0.259	0.268	0.276	0.283	0.295	0.300	0.315	0.319	0.329	0.342	0.347	0.352	0.365	0.374	0.381	0.383	0.383	0.395	0.392	0.397	0.401	0.406	
D6	0.051	0.039	0.051	0.052	0.057	0.064	0.080	0.104	0.157	0.176	0.222	0.286	0.306	0.324	0.355	0.395	0.437	0.453	0.477	0.501	0.513	0.528	0.540	0.545	0.547	0.549	0.556	0.561	0.565	0.569	0.574	0.579	0.582	0.586	0.586	0.587	0.586	0.583	0.582	0.580	0.579	0.578	0.576	0.576	
D7	0.049	0.040	0.052	0.055	0.062	0.073	0.092	0.122	0.167	0.198	0.245	0.331	0.315	0.349	0.416	0.447	0.476	0.502	0.529	0.548	0.571	0.588	0.594	0.600	0.601	0.600	0.603	0.602	0.602	0.603	0.603	0.605	0.608	0.610	0.611	0.610	0.610	0.610	0.610	0.611	0.611	0.612	0.612	0.613	
D8	0.067	0.039	0.051	0.055	0.063	0.082	0.114	0.172	0.243	0.317	0.354	0.362	0.369	0.382	0.389	0.397	0.404	0.408	0.416	0.418	0.422	0.427	0.431	0.434	0.440	0.444	0.448	0.453	0.457	0.458	0.460	0.462	0.466	0.469	0.470	0.468	0.464	0.458	0.456	0.452	0.448	0.441	0.440	0.441	
D9	0.052	0.048	0.049	0.049	0.050	0.052	0.055	0.058	0.063	0.069	0.079	0.087	0.096	0.106	0.116	0.126	0.141	0.156	0.181	0.211	0.227	0.233	0.247	0.255	0.263	0.274	0.308	0.339	0.374	0.393	0.402	0.409	0.415	0.417	0.420	0.422	0.422	0.420	0.418	0.418	0.416	0.416	0.413	0.414	
D10	0.050	0.047	0.047	0.048	0.049	0.050	0.052	0.055	0.061	0.070	0.084	0.106	0.131	0.158	0.197	0.243	0.289	0.324	0.346	0.343	0.356	0.369	0.375	0.381	0.390	0.395	0.401	0.408	0.411	0.414	0.416	0.416	0.421	0.421	0.423	0.424	0.426	0.425	0.425	0.427	0.426	0.428	0.429	0.429	
D11	0.048	0.050	0.051	0.054	0.059	0.070	0.089	0.114	0.161	0.196	0.227	0.265	0.306	0.338	0.371	0.399	0.424	0.453	0.479	0.496	0.522	0.543	0.551	0.562	0.570	0.575	0.577	0.576	0.571	0.567	0.561	0.555	0.551	0.548	0.544	0.541	0.539	0.538	0.538	0.536	0.536	0.536	0.536	0.536	
D12	0.039	0.049	0.052	0.056	0.061	0.072	0.092	0.125	0.170	0.219	0.276	0.327	0.363	0.399	0.428	0.473	0.517	0.566	0.592	0.608	0.638	0.659	0.680	0.694	0.706	0.720	0.723	0.732	0.729	0.733	0.729	0.718	0.714	0.706	0.689	0.670	0.661	0.656	0.657	0.649	0.651	0.648	0.641	0.640	
E1	0.041	0.048	0.048	0.049	0.049	0.050	0.050	0.051	0.052	0.054	0.056	0.058	0.061	0.065	0.069	0.074	0.077	0.083	0.086	0.090	0.092	0.095	0.098	0.101	0.104	0.107	0.110	0.111	0.114	0.116	0.118	0.122	0.124	0.126	0.129	0.131	0.134	0.137	0.139	0.142	0.146	0.148	0.152	0.155	
E2	0.043	0.048	0.049	0.049	0.051	0.052	0.054	0.057	0.061	0.067	0.077	0.091	0.112	0.138	0.164	0.189	0.221	0.251	0.276	0.303	0.325	0.347	0.373	0.399	0.428	0.453	0.466	0.476	0.480	0.484	0.486	0.487	0.489	0.491	0.491	0.493	0.495	0.497	0.500	0.502	0.506	0.507	0.509	0.510	
E3	0.039	0.050	0.053	0.057	0.065	0.077	0.095	0.118	0.159	0.214	0.270	0.318	0.346	0.368	0.397	0.432	0.465	0.493	0.512	0.531	0.552	0.563	0.584	0.598	0.607	0.617	0.627	0.638	0.646	0.651	0.657	0.659	0.661	0.662	0.659	0.662	0.662	0.662	0.661	0.660	0.658	0.655	0.654	0.653	
E4	0.046	0.048	0.050	0.052	0.057	0.067	0.085	0.119	0.174	0.232	0.295	0.367	0.428	0.454	0.448	0.444	0.446	0.450	0.457	0.462	0.469	0.478	0.488	0.491	0.497	0.504	0.512	0.516	0.523	0.529	0.533	0.538	0.541	0.546	0.551	0.560	0.563	0.560	0.561	0.561	0.564	0.566	0.567	0.568	
E5	0.041	0.046	0.050	0.051	0.055	0.061	0.073	0.096	0.137	0.179	0.221	0.270	0.310	0.346	0.382	0.410	0.433	0.462	0.477	0.488	0.495	0.501	0.511	0.518	0.525	0.527	0.525	0.522	0.524	0.523	0.522	0.524	0.525	0.523	0.524	0.524	0.523	0.520	0.517	0.518	0.515	0.515	0.513	0.514	
E6	0.042	0.039	0.048	0.049	0.049	0.051	0.053	0.056	0.061	0.070	0.084	0.106	0.129	0.159	0.184	0.212	0.242	0.272	0.294	0.318	0.338	0.365	0.391	0.404	0.405	0.410	0.410	0.410	0.414	0.413	0.413	0.414	0.416	0.415	0.416	0.417	0.417	0.412	0.407	0.401	0.396	0.390	0.383	0.376	
E7	0.051	0.039	0.049	0.051	0.053	0.058	0.065	0.075	0.091	0.131	0.156	0.181	0.200	0.217	0.245	0.268	0.284	0.303	0.316	0.323	0.339	0.339	0.348	0.350	0.354	0.361	0.363	0.369	0.375	0.381	0.387	0.390	0.394	0.394	0.391	0.387	0.383	0.380	0.377	0.370	0.369	0.365	0.363	0.362	
E8	0.043	0.039	0.051	0.054	0.059	0.073	0.092	0.118	0.164	0.203	0.267	0.332	0.332	0.374	0.396	0.426	0.449	0.470	0.476	0.483	0.499	0.506	0.514	0.520	0.528	0.536	0.539	0.545	0.544	0.547	0.546	0.539	0.534	0.527	0.522	0.520	0.517	0.515	0.513	0.508	0.507	0.506	0.504	0.504	
E9	0.046	0.049	0.051	0.053	0.057	0.063	0.076	0.097	0.131	0.169	0.206	0.239	0.272	0.306	0.328	0.347	0.376	0.415	0.448	0.471	0.486	0.489	0.503	0.510	0.517	0.524	0.528	0.536	0.541	0.546	0.551	0.555	0.561	0.564	0.570	0.579	0.582	0.579	0.577	0.582	0.579	0.578	0.577	0.575	
E10	0.051	0.048	0.049	0.049	0.049	0.049	0.050	0.051	0.053	0.057	0.065	0.078	0.098	0.128	0.156	0.181	0.199	0.216	0.231	0.247	0.262	0.275	0.287	0.295	0.303	0.311	0.319	0.327	0.335	0.343	0.350	0.357	0.363	0.369	0.375	0.382	0.386	0.389	0.393	0.397	0.401	0.405	0.407	0.410	
E11	0.043	0.047	0.048	0.050	0.054	0.063	0.079	0.105	0.142	0.175	0.219	0.266	0.296	0.371	0.418	0.442	0.460	0.479	0.490	0.499	0.519	0.532	0.545	0.556	0.563	0.573	0.582	0.591	0.598	0.602	0.608	0.613	0.620	0.623	0.626	0.627	0.628	0.625	0.626	0.625	0.609	0.611	0.613	0.615	
E12	0.038	0.049	0.051	0.055	0.062	0.077	0.104	0.145	0.197	0.249	0.315	0.354	0.388	0.442	0.511	0.551	0.564	0.572	0.578	0.582	0.589	0.592	0.595	0.597	0.602	0.608	0.616	0.623	0.631	0.634	0.635	0.638	0.640	0.640	0.643	0.644	0.646	0.642	0.643	0.646	0.645	0.644	0.643	0.642	
F1	0.041	0.053	0.054	0.057	0.062	0.071	0.091	0.124	0.175	0.223	0.275	0.340	0.405	0.455	0.505	0.549	0.585	0.598	0.612	0.624	0.626	0.627	0.633	0.637	0.641	0.640	0.640	0.638	0.639	0.641	0.641	0.643	0.643	0.644	0.642	0.643	0.640	0.635	0.633	0.628	0.621	0.613	0.608	0.608	
F2	0.042	0.048	0.048	0.048	0.049	0.049	0.051	0.053	0.056	0.063	0.072	0.089	0.115	0.152	0.186	0.227	0.272	0.316	0.350	0.375	0.408	0.438	0.464	0.475	0.480	0.482	0.483	0.485	0.488	0.493	0.500	0.503	0.507	0.507	0.507	0.504	0.504	0.502	0.499	0.496	0.489	0.484	0.478	0.468	
F3	0.055	0.047	0.047	0.047	0.047	0.047	0.047	0.047	0.047	0.047	0.047	0.047	0.047	0.047	0.047	0.047	0.047	0.047	0.047	0.047	0.048	0.048	0.048	0.048	0.049	0.049	0.051	0.052	0.053	0.055	0.059	0.061	0.065	0.068	0.073	0.076	0.081	0.085	0.089	0.090	0.092	0.092	0.090	0.090	
F4	0.046	0.048	0.049	0.050	0.053	0.059	0.071	0.093	0.127	0.173	0.214	0.269	0.327	0.373	0.414	0.465	0.511	0.546	0.566	0.584	0.606	0.622	0.637	0.653	0.664	0.677	0.687	0.699	0.700	0.704	0.706	0.704	0.703	0.701	0.699	0.697	0.693	0.687	0.689	0.684	0.683	0.681	0.679	0.679	
F5	0.044	0.048	0.049	0.050	0.051	0.053	0.057	0.064	0.074	0.091	0.113	0.137	0.154	0.168	0.186	0.207	0.227	0.239	0.248	0.259	0.268	0.271	0.289	0.303	0.318	0.326	0.348	0.366	0.397	0.410	0.425	0.448	0.455	0.465	0.474	0.483	0.491	0.489	0.492	0.496	0.498	0.499	0.495	0.496	
F6	0.041	0.050	0.051	0.054	0.060	0.070	0.089	0.120	0.157	0.183	0.221	0.273	0.303	0.331	0.349	0.376	0.407	0.431	0.455	0.467	0.480	0.484	0.492	0.497	0.510	0.521	0.528	0.532	0.533	0.534	0.533	0.536	0.536	0.535	0.537	0.536	0.535	0.531	0.528	0.527	0.525	0.521	0.516	0.513	
F7	0.042	0.049	0.049	0.051	0.053	0.057	0.064	0.076	0.096	0.127	0.162	0.201	0.247	0.291	0.320	0.341	0.356	0.372	0.386	0.395	0.419	0.432	0.449	0.460	0.463	0.469	0.479	0.488	0.492	0.502	0.506	0.507	0.509	0.506	0.499	0.494	0.489	0.482	0.481	0.473	0.477	0.479	0.477	0.482	
F8	0.039	0.048	0.049	0.050	0.052	0.056	0.065	0.084	0.119	0.166	0.222	0.276	0.332	0.367	0.386	0.394	0.405	0.415	0.429	0.446	0.457	0.464	0.479	0.485	0.494	0.500	0.510	0.511	0.519	0.518	0.522	0.526	0.529	0.533	0.540	0.548	0.551	0.547	0.545	0.544	0.539	0.545	0.544	0.547	
F9	0.052	0.048	0.049	0.049	0.050	0.052	0.054	0.058	0.063	0.074	0.091	0.116	0.144	0.176	0.213	0.248	0.282	0.313	0.329	0.343	0.360	0.376	0.391	0.403	0.413	0.422	0.430	0.435	0.442	0.448	0.453	0.457	0.463	0.468	0.473	0.481	0.488	0.494	0.501	0.506	0.506	0.505	0.506	0.511	
F10	0.046	0.050	0.049	0.051	0.055	0.062	0.075	0.097	0.130	0.164	0.196	0.234	0.277	0.316	0.341	0.367	0.389	0.399	0.421	0.433	0.448	0.460	0.465	0.480	0.492	0.503	0.514	0.522	0.534	0.541	0.554	0.564	0.571	0.580	0.592	0.607	0.619	0.624	0.631	0.634	0.632	0.634	0.629	0.625	
F11	0.039	0.046	0.048	0.049	0.052	0.057	0.068	0.091	0.125	0.172	0.219	0.258	0.301	0.347	0.394	0.431	0.463	0.497	0.523	0.541	0.568	0.585	0.607	0.622	0.638	0.651	0.662	0.668	0.680	0.685	0.692	0.699	0.710	0.720	0.726	0.735	0.737	0.735	0.736	0.734	0.736	0.739	0.742	0.742	
F12	0.036	0.047	0.047	0.047	0.048	0.050	0.053	0.059	0.071	0.090	0.119	0.161	0.202	0.242	0.289	0.333	0.361	0.373	0.386	0.398	0.415	0.434	0.447	0.465	0.486	0.507	0.521	0.538	0.556	0.569	0.582	0.597	0.614	0.628	0.639	0.652	0.661	0.662	0.668	0.673	0.677	0.679	0.688	0.699	
G1	0.048	0.048	0.049	0.051	0.056	0.066	0.086	0.118	0.161	0.189	0.226	0.291	0.372	0.365	0.374	0.392	0.408	0.433	0.457	0.466	0.489	0.502	0.528	0.551	0.563	0.585	0.599	0.614	0.628	0.635	0.643	0.648	0.653	0.660	0.662	0.666	0.671	0.678	0.686	0.685	0.695	0.706	0.713	0.715	
G2	0.042	0.047	0.047	0.047	0.048	0.049	0.051	0.057	0.067	0.088	0.120	0.157	0.188	0.219	0.248	0.278	0.299	0.318	0.332	0.344	0.357	0.368	0.378	0.388	0.398	0.407	0.415	0.420	0.430	0.436	0.441	0.448	0.451	0.456	0.460	0.469	0.472	0.473	0.476	0.482	0.489	0.494	0.500	0.507	
G3	0.040	0.048	0.048	0.048	0.049	0.051	0.054	0.060	0.071	0.090	0.123	0.160	0.203	0.271	0.306	0.383	0.405	0.415	0.423	0.435	0.453	0.458	0.471	0.481	0.489	0.496	0.505	0.512	0.518	0.525	0.530	0.535	0.541	0.545	0.549	0.553	0.559	0.563	0.567	0.567	0.569	0.571	0.574	0.575	
G4	0.045	0.048	0.050	0.052	0.059	0.072	0.098	0.139	0.177	0.220	0.258	0.297	0.334	0.361	0.386	0.406	0.427	0.447	0.467	0.485	0.495	0.502	0.514	0.523	0.531	0.538	0.544	0.551	0.557	0.562	0.568	0.573	0.579	0.585	0.591	0.597	0.595	0.594	0.594	0.592	0.590	0.588	0.586	0.584	
G5	0.093	0.049	0.050	0.050	0.050	0.050	0.051	0.051	0.052	0.054	0.056	0.059	0.064	0.069	0.079	0.081	0.080	0.082	0.086	0.098	0.106	0.114	0.125	0.135	0.141	0.151	0.156	0.163	0.169	0.175	0.181	0.187	0.190	0.195	0.198	0.203	0.206	0.208	0.210	0.214	0.215	0.217	0.218	0.220	
G6	0.062	0.046	0.046	0.046	0.047	0.047	0.048	0.049	0.050	0.053	0.056	0.061	0.068	0.078	0.093	0.111	0.126	0.141	0.154	0.166	0.177	0.190	0.203	0.217	0.229	0.243	0.249	0.263	0.271	0.279	0.289	0.298	0.306	0.327	0.327	0.332	0.342	0.349	0.354	0.355	0.358	0.364	0.364	0.374	
G7	0.048	0.048	0.050	0.052	0.058	0.069	0.089	0.122	0.166	0.216	0.274	0.338	0.367	0.398	0.432	0.459	0.470	0.493	0.495	0.502	0.518	0.517	0.527	0.532	0.523	0.530	0.528	0.535	0.532	0.535	0.537	0.534	0.539	0.541	0.539	0.539	0.542	0.545	0.550	0.548	0.550	0.552	0.554	0.555	
G8	0.038	0.047	0.048	0.049	0.050	0.053	0.058	0.066	0.081	0.106	0.141	0.179	0.219	0.260	0.300	0.331	0.352	0.389	0.409	0.434	0.466	0.478	0.505	0.517	0.522	0.531	0.537	0.540	0.550	0.553	0.565	0.574	0.577	0.579	0.584	0.590	0.593	0.596	0.592	0.591	0.584	0.584	0.578	0.573	
G9	0.055	0.047	0.048	0.048	0.048	0.049	0.051	0.053	0.059	0.070	0.087	0.119	0.146	0.156	0.166	0.178	0.197	0.213	0.223	0.227	0.248	0.267	0.277	0.286	0.295	0.310	0.316	0.337	0.339	0.352	0.361	0.363	0.375	0.383	0.381	0.382	0.385	0.389	0.396	0.392	0.394	0.394	0.395	0.401	
G10	0.040	0.047	0.048	0.049	0.051	0.056	0.062	0.074	0.096	0.128	0.166	0.204	0.247	0.293	0.338	0.374	0.398	0.419	0.434	0.448	0.451	0.451	0.455	0.455	0.454	0.451	0.452	0.448	0.452	0.451	0.451	0.453	0.455	0.457	0.462	0.468	0.473	0.473	0.474	0.480	0.483	0.487	0.491	0.499	
G11	0.039	0.047	0.049	0.051	0.056	0.066	0.083	0.114	0.158	0.204	0.263	0.330	0.386	0.410	0.430	0.458	0.484	0.505	0.520	0.534	0.546	0.553	0.564	0.574	0.582	0.588	0.597	0.605	0.614	0.623	0.633	0.645	0.653	0.659	0.665	0.671	0.673	0.677	0.680	0.683	0.687	0.692	0.697	0.701	
G12	0.049	0.050	0.050	0.051	0.054	0.058	0.066	0.081	0.107	0.150	0.199	0.268	0.348	0.392	0.436	0.482	0.513	0.550	0.566	0.581	0.598	0.601	0.608	0.615	0.624	0.635	0.642	0.654	0.666	0.678	0.687	0.695	0.703	0.710	0.714	0.723	0.729	0.730	0.733	0.736	0.741	0.742	0.744	0.753	
H1	0.049	0.050	0.052	0.055	0.062	0.078	0.105	0.146	0.184	0.218	0.245	0.270	0.292	0.310	0.323	0.334	0.344	0.351	0.366	0.380	0.390	0.399	0.410	0.417	0.425	0.430	0.441	0.443	0.453	0.461	0.468	0.484	0.485	0.496	0.509	0.521	0.529	0.531	0.534	0.548	0.554	0.565	0.570	0.572	
H2	0.048	0.048	0.050	0.051	0.054	0.061	0.077	0.104	0.145	0.175	0.201	0.221	0.232	0.236	0.239	0.242	0.246	0.252	0.259	0.271	0.283	0.294	0.307	0.318	0.327	0.334	0.339	0.343	0.346	0.350	0.355	0.360	0.364	0.370	0.373	0.380	0.385	0.387	0.392	0.396	0.399	0.401	0.404	0.408	
H3	0.043	0.048	0.049	0.049	0.050	0.052	0.056	0.061	0.072	0.088	0.113	0.146	0.173	0.204	0.232	0.261	0.280	0.296	0.312	0.332	0.341	0.350	0.360	0.366	0.372	0.374	0.380	0.382	0.386	0.387	0.389	0.393	0.392	0.394	0.397	0.404	0.404	0.400	0.398	0.399	0.397	0.397	0.393	0.392	
H4	0.041	0.050	0.052	0.056	0.063	0.076	0.097	0.127	0.153	0.191	0.246	0.286	0.322	0.340	0.363	0.409	0.450	0.471	0.490	0.507	0.523	0.534	0.547	0.553	0.556	0.564	0.572	0.581	0.590	0.595	0.601	0.608	0.611	0.616	0.624	0.634	0.639	0.639	0.639	0.649	0.652	0.658	0.660	0.663	
H5	0.054	0.051	0.053	0.056	0.060	0.068	0.083	0.106	0.136	0.169	0.200	0.252	0.291	0.313	0.328	0.347	0.404	0.468	0.500	0.522	0.547	0.579	0.609	0.624	0.621	0.621	0.623	0.628	0.628	0.636	0.641	0.647	0.648	0.649	0.646	0.644	0.640	0.637	0.634	0.631	0.627	0.622	0.619	0.613	
H6	0.050	0.050	0.051	0.054	0.060	0.071	0.092	0.125	0.167	0.207	0.265	0.310	0.313	0.335	0.360	0.385	0.409	0.435	0.456	0.482	0.502	0.518	0.539	0.550	0.560	0.565	0.565	0.562	0.559	0.555	0.550	0.547	0.540	0.536	0.535	0.537	0.537	0.536	0.532	0.534	0.526	0.522	0.522	0.517	
H7	0.048	0.048	0.049	0.051	0.054	0.059	0.071	0.092	0.134	0.182	0.228	0.276	0.322	0.362	0.396	0.425	0.444	0.460	0.470	0.471	0.479	0.483	0.483	0.484	0.483	0.484	0.481	0.482	0.480	0.483	0.485	0.484	0.488	0.490	0.490	0.490	0.493	0.497	0.501	0.501	0.505	0.506	0.508	0.509	
H8	0.049	0.050	0.052	0.057	0.065	0.081	0.109	0.148	0.201	0.260	0.322	0.343	0.368	0.458	0.511	0.541	0.561	0.576	0.593	0.615	0.617	0.608	0.610	0.609	0.608	0.611	0.619	0.621	0.627	0.630	0.636	0.639	0.642	0.646	0.649	0.652	0.655	0.658	0.663	0.661	0.664	0.666	0.668	0.670	
H9	0.050	0.051	0.052	0.055	0.061	0.071	0.086	0.103	0.125	0.143	0.160	0.179	0.193	0.210	0.225	0.240	0.256	0.270	0.282	0.291	0.300	0.311	0.320	0.328	0.334	0.343	0.351	0.357	0.368	0.372	0.379	0.387	0.392	0.398	0.406	0.412	0.416	0.417	0.419	0.427	0.429	0.435	0.438	0.441	
H10	0.044	0.047	0.048	0.048	0.049	0.051	0.054	0.059	0.068	0.083	0.103	0.127	0.151	0.171	0.192	0.222	0.230	0.250	0.272	0.318	0.321	0.320	0.478	0.350	0.418	0.371	0.383	0.399	0.427	0.417	0.429	0.439	0.451	0.464	0.481	0.501	0.514	0.512	0.517	0.533	0.537	0.551	0.562	0.568	
H11	0.049	0.051	0.053	0.058	0.066	0.082	0.110	0.149	0.193	0.238	0.293	0.343	0.372	0.405	0.441	0.481	0.520	0.542	0.574	0.601	0.627	0.651	0.662	0.683	0.695	0.705	0.713	0.719	0.731	0.735	0.747	0.758	0.764	0.768	0.787	0.799	0.807	0.805	0.812	0.817	0.826	0.832	0.846	0.852	
H12	0.047	0.048	0.050	0.054	0.061	0.076	0.107	0.153	0.207	0.261	0.320	0.368	0.403	0.413	0.420	0.440	0.450	0.460	0.468	0.471	0.479	0.484	0.484	0.488	0.491	0.494	0.494	0.496	0.497	0.500	0.499	0.500	0.502	0.502	0.501	0.500	0.500	0.501	0.502	0.499	0.500	0.498	0.491	0.492	

